0001100100011101001000110001100001110010111010010110111101011111
0011111000101100100110010001010111010011110001100110100010111011
0011001011000101100001100101010001101010010100100011101100111110
1110010010100111100011100100010111100111110101101111001110010011
1000111111100100111100001000011101110111001010100111010110001000
1000001001011010101000001010001010000001101111101110010110000110
1100100001110101111100010110011011110000111110011011100010011101
0001100000101100101111100110011111001111010100011011011011100001
0000010100001101010100101011001110001010000110010110101011010010
1000011100100010001111101110010101111001010011001111001011101011
0011001001100100110010010111111010001101010110111100010001011101
0000110110110111000101001010001010111111110011011100100111011000
0100110011110110101001010101111100001110101000010101111000000110
0101111100011001010101011010001101010001000011000000100000000101
0100110100011011111001010100111010101110011011111110000001111010
0100110110010100011010001010000110010001110110001111010111110001
1000111110001111110100010010111101111010101101101000111001100111
0011101101100010100100000110100101110110110110101011001100100111
1110010010101010010101011101101100111100111111111000110011001101
1010011001000010100000000111000001011101011101010100010110001110
0010010111111001110100100010110111001101011110011000111111011001
1110111101011101110110001110100011000111111100100001001101110101
0011100100011000010010110100000110100110000001110001001101111100
0101010000010000101010101100101100010110101011010111111111010000
1100100100100100101010110100101110001010010001111001010010000111
0010111001011001100010101110100100100000101111100000101111110100
1111000111110101111111010100011111000011101001000100101010111011
0001000010000111100101010110101001011011000011110011100111110100
1100110100010010100010010100001111010010100010101010000111100110
0101101000001011000100110010100111100011100010010011100000101011
1110110000001100101001011110101110001111001111001110101010011100
1111011010110101101100100011010111010101011000101001010000101101
0111001001001110101101110111000110010111001110010110111010100111
1001000000100111011100000101001100000001000010011101000011101111
1000011010110111110100011000000100111000111101110011011001001001
1100011101100101000010001000010011001010011001111011101010111110
0100110111010010110111111110011000010010111000100100010101001000
1011010111111101100000010111100110010110111010100010100110111111
1011111111001101010010000010000101000110101011100101110100011000
1101011000000111000000110000000001010101101010101111100000110001
0110011110010010001001111000111010110110101111100101001001100001
0001001101110011100110100111011010010111111010010010100010100110
0011101100110100100100101001100011110010110000100001101000000011
1011100001011001101111101111001111111001011000101011010110111010
0011100001000101110000010101011001001101100001111001100000010011
0001001100101010101001010011001110101011111101011100000011000100
0000010011101101110000000101110011111101101110011000001111111010
0000110000000110001111101100001000000100011001101001011101111001
0100101001010010100110111001011101100010100011001100011110011111
1110111000010110101110111111011001100001111000000011110000001110
1000011010001110110110001010100100110111010100010011110000100011
0101100101010000011100101001011000101011100000001111011110110100
1011011111001110001011100010110101101111011001101101001001010010
1101101100101010101010100100111010101111011001011011111100100110
1111111011100110001011100011111110101111100000111100000110111000
1011010011100111111100101001010101011111100100100000010011110111
1000110011001011010100001011101110101110011101110101111010010100
1001001001001101110100100111011001101111010001000110010100110000
0110100001011001110010000010110111111010100101000110101110011100
0010011000111100100010000000111011110000010000000101000100000111
0000000100000010011011100101001100110100011001111001101101010000
1101100111110011000111001101111001011010011101010010010000100100
0010100001011100110000111111101011100101011100011001001001101011
1111000110000010101101110110000101010111011100111111000010110010
1010011010001011010000011001111100100101000101110010110010001011
1100000011000100100101001011010010111110011111111001100000010111
1101110101100000011001011011110100000110110000001101100111110101
1101100101000001011000011010011100110001001101000111000101001010